utf-8
0
validation
0
flatten
1 288 1421 1480
deeply
1
nested
1 495 1421
array
1 4 26 37 44 59 66 74 77 80 87 92 117 124 125 149 212 216 224 230 230 250 253 262 270 271 272 280 283 293 304 320 324 329 332 335 337 352 402 404 442 444 449 454 459 462 472 493 495 496 499 500 533 554 585 601 603 605 612 621 628 634 634 639 642 654 656 659 667 671 739 742 745 762 784 796 799 800 802 804 806 807 814 829 840 860 870 873 874 893 908 914 929 939 966 979 984 998 1019 1041 1054 1061 1075 1079 1084 1089 1093 1102 1104 1117 1122 1130 1139 1167 1178 1184 1207 1213 1262 1278 1279 1290 1305 1313 1330 1340 1340 1350 1364 1371 1378 1391 1392 1429 1441 1464 1485 1527 1530 1558 1577 1585 1590 1611 1631 1661 1664 1707 1709 1723 1731 1731 1737 1741 1746 1750 1754 1757 1783 1785 1794 1796 1814 1826 1855 1877 1886 1888 1906 1907 1908
two
2 7 36 70 80 90 132 139 171 226 227 243 302 322 325 336 404 490 523 530 575 580 609 611 642 686 704 749 787 795 808 892 928 931 965 994 1056 1114 1154 1162 1262 1270 1288 1319 1396 1408 1503 1509 1516 1551 1563 1597 1610 1659 1696 1774 1781 1839 1850 1856 1913
sum
2 8 17 18 37 48 61 70 83 93 94 109 140 157 187 258 269 309 316 318 327 355 362 364 376 417 419 424 444 454 454 457 481 508 515 533 535 535 549 552 553 574 582 592 654 693 708 711 736 738 762 781 813 815 819 838 851 863 877 893 894 895 927 929 971 974 1001 1010 1020 1052 1056 1068 1111 1114 1129 1140 1172 1174 1198 1208 1216 1242 1254 1262 1292 1308 1316 1319 1348 1355 1358 1359 1386 1390 1410 1427 1434 1439 1445 1459 1477 1481 1485 1503 1504 1512 1551 1573 1576 1611 1612 1620 1629 1662 1663 1672 1724 1726 1730 1732 1774 1778 1818 1844 1852 1857 1864 1867 1868 1883 1886 1890 1891 1903
special
3 115 384 393 655 992 1009 1077
binary
3 19 33 62 95 105 141 148 177 183 187 191 249 267 303 312 315 322 323 330 339 344 356 424 429 436 443 452 469 476 510 547 586 631 637 647 665 666 669 689 706 772 782 820 828 840 847 854 868 872 892 921 946 969 984 1020 1035 1046 1050 1088 1127 1148 1179 1233 1235 1245 1277 1322 1326 1329 1353 1366 1377 1386 1388 1404 1406 1409 1420 1448 1480 1484 1513 1534 1568 1606 1630 1632 1677 1682 1698 1702 1722 1744 1775 1778 1789 1793 1813 1818 1824 1828 1832 1863 1867 1876 1892 1910 1913 1914
string
3 10 15 33 53 54 71 82 88 119 127 134 141 177 178 195 201 263 269 292 299 306 308 346 350 358 366 387 420 441 448 458 472 488 520 530 536 546 567 637 665 690 705 717 721 734 740 750 765 823 825 832 861 881 889 901 961 970 990 1029 1045 1045 1072 1093 1095 1100 1116 1143 1144 1152 1179 1184 1187 1199 1226 1234 1240 1266 1293 1303 1354 1357 1362 1424 1448 1460 1466 1499 1534 1537 1546 1552 1595 1644 1674 1675 1687 1698 1714 1719 1744 1750 1755 1758 1783 1796 1819 1826 1827 1832 1842 1890
steps
4 305 510 618 648 688 808 1516 1687
to
4 11 13 13 17 34 59 63 70 82 88 92 118 122 127 150 164 166 175 187 195 197 200 204 208 208 221 227 251 252 263 267 283 286 287 291 305 306 308 309 309 310 320 321 324 326 329 332 346 352 356 367 368 373 374 384 399 418 441 442 450 462 470 493 510 510 515 543 555 568 573 577 579 605 605 608 612 617 617 618 618 625 643 647 649 662 665 675 683 688 706 710 712 731 733 760 760 778 801 808 819 830 830 836 847 848 860 868 873 881 893 895 907 922 926 944 961 963 964 967 981 984 986 991 1006 1015 1041 1053 1055 1078 1079 1092 1115 1122 1155 1163 1165 1166 1173 1178 1179 1180 1184 1197 1203 1204 1207 1209 1211 1213 1214 1215 1223 1240 1240 1243 1248 1250 1258 1262 1268 1287 1299 1308 1311 1321 1323 1326 1342 1347 1349 1356 1357 1361 1361 1365 1372 1373 1381 1383 1383 1400 1407 1422 1429 1448 1454 1456 1458 1464 1477 1480 1487 1494 1516 1525 1525 1531 1537 1543 1547 1570 1571 1581 1581 1590 1611 1631 1639 1647 1664 1685 1687 1688 1704 1719 1736 1757 1762 1763 1764 1766 1777 1785 1819 1834 1839 1840 1844 1848 1855 1867 1873 1875 1875 1876 1876 1887 1895 1901 1910 1918
make
4 34 63 82 118 122 127 273 283 287 306 321 352 387 392 443 450 462 499 573 605 625 712 742 801 808 870 873 963 981 991 1122 1162 1165 1178 1179 1207 1209 1226 1240 1349 1400 1461 1464 1516 1525 1590 1631 1664 1687 1719 1757 1763 1764 1782 1811 1855 1875 1918
non-decreasing
4 628 1023
minimum
5 13 36 63 91 92 108 118 122 127 160 166 233 252 263 286 287 289 290 291 307 309 310 324 327 332 333 336 346 352 356 362 373 374 384 390 393 398 399 401 413 418 419 420 434 450 459 462 470 474 482 493 516 529 572 573 605 608 617 620 662 668 683 710 711 731 733 753 774 775 778 797 801 808 811 815 825 830 848 883 894 907 918 926 944 963 969 1002 1004 1010 1033 1044 1129 1165 1171 1178 1179 1180 1182 1197 1201 1204 1215 1243 1250 1258 1259 1261 1280 1302 1320 1333 1335 1347 1361 1383 1394 1400 1422 1456 1458 1464 1503 1516 1525 1531 1540 1558 1568 1581 1584 1590 1611 1612 1631 1663 1664 1687 1704 1719 1729 1757 1762 1763 1764 1774 1785 1788 1805 1806 1839 1844 1855 1873 1876 1889 1910 1915
difficulty
5
of
5 7 8 12 13 17 29 33 34 36 41 46 52 60 61 61 62 70 80 83 84 90 90 93 95 101 103 104 105 107 107 113 115 127 130 134 137 138 139 144 145 147 151 157 168 168 172 172 173 179 180 183 184 197 197 198 200 203 210 217 218 219 220 226 248 251 257 260 262 262 269 269 270 272 284 292 293 295 302 305 307 308 311 319 320 339 342 349 351 353 357 363 368 373 375 376 377 379 382 382 393 397 399 401 402 404 406 409 412 413 415 417 420 422 437 441 443 444 451 454 456 462 463 467 472 483 490 493 504 506 508 510 513 519 523 527 531 533 535 535 536 553 556 558 560 564 565 570 571 574 575 582 591 592 593 595 597 598 605 612 615 616 618 626 626 633 634 637 642 646 650 659 659 662 675 676 677 678 683 686 686 688 699 701 708 708 710 713 713 714 717 718 728 740 741 749 751 760 762 763 763 764 774 794 797 799 800 802 808 813 821 840 847 862 863 863 872 883 885 891 892 893 894 896 911 912 926 936 940 941 963 966 969 970 971 979 986 991 1000 1002 1003 1015 1015 1022 1027 1033 1041 1048 1052 1054 1062 1076 1082 1085 1093 1097 1100 1104 1108 1114 1115 1117 1126 1128 1129 1131 1135 1141 1148 1149 1154 1157 1160 1161 1165 1171 1172 1172 1174 1175 1187 1193 1196 1197 1198 1203 1205 1210 1212 1219 1220 1222 1223 1232 1237 1241 1242 1243 1244 1263 1266 1266 1268 1270 1275 1277 1279 1281 1282 1287 1288 1289 1292 1292 1293 1293 1295 1300 1303 1305 1307 1308 1310 1312 1316 1318 1320 1324 1325 1331 1333 1335 1337 1338 1341 1349 1350 1355 1361 1363 1364 1367 1367 1370 1378 1386 1390 1393 1401 1402 1404 1407 1409 1410 1410 1413 1422 1428 1429 1430 1431 1432 1434 1435 1438 1443 1450 1456 1457 1471 1473 1479 1482 1485 1491 1493 1493 1494 1495 1498 1509 1511 1516 1520 1526 1527 1530 1534 1543 1549 1551 1555 1555 1556 1556 1558 1561 1565 1570 1573 1576 1594 1595 1609 1612 1614 1620 1629 1634 1634 1635 1641 1650 1654 1655 1659 1662 1663 1674 1681 1682 1688 1694 1701 1705 1710 1718 1720 1722 1724 1726 1732 1736 1748 1763 1766 1768 1769 1772 1774 1780 1781 1782 1799 1803 1805 1806 1811 1812 1813 1816 1820 1823 1826 1832 1834 1841 1850 1850 1857 1859 1863 1863 1867 1874 1876 1881 1883 1886 1889 1890 1903 1907 1909 1910
a
5 13 15 22 28 36 58 64 85 88 90 101 107 122 129 130 134 137 142 158 172 183 190 193 201 208 210 213 219 224 248 251 257 259 260 288 292 293 309 346 356 358 382 383 393 398 413 413 415 418 427 441 443 449 458 467 467 467 470 472 479 493 494 508 510 517 520 532 535 536 547 548 556 573 577 587 618 626 629 629 631 655 655 664 666 671 681 682 688 692 699 706 708 710 713 713 717 719 740 763 764 764 765 770 793 797 817 820 830 840 846 854 865 866 868 872 881 887 889 895 899 913 919 932 936 954 962 970 971 1000 1026 1045 1050 1056 1060 1073 1078 1088 1093 1118 1124 1126 1128 1130 1131 1144 1146 1175 1177 1180 1180 1184 1188 1190 1203 1253 1259 1268 1293 1294 1295 1303 1307 1308 1333 1333 1339 1340 1365 1367 1386 1389 1400 1409 1413 1419 1420 1436 1439 1448 1454 1455 1458 1460 1482 1493 1522 1525 1529 1531 1534 1540 1555 1556 1568 1579 1589 1595 1603 1614 1616 1632 1637 1644 1668 1668 1674 1675 1677 1687 1705 1722 1732 1748 1769 1799 1804 1806 1808 1812 1813 1818 1819 1826 1831 1832 1834 1834 1839 1846 1859 1863 1863 1863 1865 1890 1893 1910 1917
job
5 123
schedule
5 958 1334 1411 1463
unique
6 45 162 264 330 358 414 615 740 743 827 921 999 1293 1318 1354 1464 1477 1609 1680 1694 1698 1883
morse
6
code
6 1379
words
6 130 147 196 342 349 395 451 475 490 505 609 616 641 661 793 889 994 1339 1470 1670 1916 1917
minimize
7 150 266 270 284 1262 1323 1457 1497 1566 1618 1894
the
7 12 41 42 59 66 69 70 81 88 90 93 113 117 117 125 127 153 182 198 198 216 218 224 232 253 255 279 281 284 290 292 292 305 324 352 363 371 378 387 389 390 396 406 409 434 445 448 460 473 504 519 534 571 577 578 597 598 600 617 642 646 659 683 685 686 701 714 714 716 749 761 762 768 778 787 794 802 829 840 859 890 896 909 919 932 936 936 956 971 998 999 1011 1011 1018 1019 1053 1061 1064 1090 1093 1110 1122 1123 1149 1157 1159 1171 1181 1190 1193 1201 1205 1207 1221 1237 1255 1256 1266 1279 1290 1295 1305 1307 1323 1349 1367 1381 1383 1410 1413 1417 1422 1433 1434 1457 1457 1459 1462 1466 1471 1475 1486 1489 1500 1508 1510 1514 1522 1526 1542 1552 1554 1558 1561 1590 1591 1605 1605 1641 1646 1650 1650 1655 1655 1663 1720 1737 1741 1742 1750 1766 1767 1780 1792 1804 1814 1823 1832 1836 1850 1859 1875 1887 1887 1894 1902 1909 1911
maximum
7 14 29 37 46 80 101 107 123 137 138 147 151 158 177 179 184 208 213 221 236 258 270 272 279 284 302 317 318 327 339 345 349 353 365 404 417 433 440 459 468 479 481 496 503 504 505 508 527 549 552 556 558 586 592 612 626 630 648 653 675 676 677 682 686 732 740 761 763 807 885 891 911 941 1000 1014 1020 1043 1077 1080 1103 1108 1126 1140 1148 1157 1168 1171 1201 1219 1220 1235 1237 1239 1260 1263 1268 1275 1308 1316 1325 1358 1382 1386 1390 1404 1428 1431 1433 1443 1444 1450 1459 1460 1467 1485 1505 1510 1511 1519 1551 1555 1565 1569 1608 1620 1626 1635 1643 1644 1678 1705 1706 1711 1730 1732 1737 1748 1771 1772 1778 1782 1799 1825 1826 1850 1852 1898 1901 1907
arrays
7 12 139 311 450 575 642 749 751 787 795 1154 1162 1165 1262 1288 1396 1612 1659
subsequence
8 48 73 93 94 128 267 354 385 434 566 606 693 980 1008 1037 1058 1136 1240 1358 1360 1400 1435 1440 1479 1495 1642 1706 1729 1768 1769
widths
8
smallest
9 88 112 142 155 156 176 199 389 403 553 575 587 795 798 823 861 867 878 901 936 960 971 1004 1005 1152 1206 1522 1526 1561 1583 1587 1650 1652 1714 1739 1747 1768 1769 1809 1825 1862
even
9 34 42 376 498 633 727 736 741 857 1085 1108 1170 1251 1515 1833
multiple
9 74 311 1341
di
10 684 823
match
10 576 647 750
different
11 528 719 760 931 988 1619
ways
11 175 200 251 256 305 326 329 368 441 612 688 760 873 986 1041 1203 1287 1398 1493 1543 1570 1639 1688
add
11 34 243 309 580 641 756 801 883 1115 1163 1248 1563 1824
parentheses
11 78 150 186 300 302 346 377 458 537 801 1062 1144 1743 1764
count
12 45 65 67 69 77 115 143 175 180 189 202 218 250 304 326 379 407 409 412 430 432 531 536 560 570 574 583 594 680 736 770 789 790 793 794 821 873 884 896 933 939 974 989 992 996 1009 1018 1055 1063 1087 1106 1124 1176 1190 1223 1227 1241 1293 1303 1312 1322 1363 1417 1419 1425 1453 1471 1473 1502 1544 1559 1565 1586 1594 1606 1614 1619 1639 1659 1688 1710 1712 1713 1720 1772 1784 1792 1820 1865 1869 1893 1916
number
12 13 17 29 33 60 90 98 105 113 115 127 130 147 151 168 172 173 179 188 197 198 200 202 218 220 236 237 245 251 257 260 272 305 307 308 338 349 351 353 363 366 368 375 379 382 399 401 403 406 409 412 415 422 437 441 451 456 461 462 483 493 504 506 510 510 522 523 527 531 556 558 567 582 591 593 603 605 612 615 618 618 626 633 646 650 651 662 676 678 683 688 696 706 708 714 718 741 751 754 760 763 774 785 794 795 808 821 822 823 828 848 862 878 883 887 891 894 895 896 911 936 950 960 963 964 970 986 991 1002 1003 1015 1022 1041 1082 1097 1131 1146 1149 1160 1165 1171 1190 1197 1203 1205 1210 1219 1220 1222 1237 1257 1263 1268 1281 1287 1312 1318 1335 1342 1351 1361 1363 1364 1384 1390 1393 1407 1413 1422 1430 1431 1434 1435 1438 1449 1452 1454 1456 1471 1472 1473 1475 1482 1493 1494 1511 1516 1518 1520 1543 1549 1555 1561 1569 1570 1594 1595 1609 1612 1627 1634 1641 1647 1650 1662 1663 1668 1688 1694 1705 1710 1711 1716 1718 1720 1736 1748 1756 1763 1766 1772 1780 1782 1799 1803 1806 1811 1820 1823 1841 1857 1873 1876 1878 1881 1910
ideal
12 1136
taps
13
open
13 1902
water
13 242 614 1269 1285 1403 1690 1692
garden
13 291
difference
14 91 158 160 284 327 454 482 496 516 705 749 856 859 1004 1019 1080 1129 1134 1239 1262 1320 1363 1394 1479 1889 1894
between
14 36 86 96 159 233 327 391 454 523 787 856 1004 1062 1080 1171 1175 1597 1660 1889 1894
increasing
14 67 73 118 195 260 566 698 870 951 990 1008 1177 1185 1207 1435
elements
14 23 159 176 222 276 283 309 322 332 336 337 404 481 605 745 796 826 1050 1320 1405 1429 1496 1530 1558 1631 1712 1712 1785 1823 1883 1894
split
15 87 92 329 335 416 419 441 929 1041 1067 1108 1122 1709
in
15 19 22 39 42 43 54 58 62 66 77 80 85 96 105 106 112 117 122 123 124 125 129 130 141 142 149 160 170 175 178 193 198 201 207 210 213 248 250 254 260 271 272 292 305 316 322 323 328 343 344 349 358 366 386 398 403 404 409 413 416 418 427 436 437 443 449 452 467 469 510 517 520 532 545 554 556 567 570 579 585 587 590 599 603 619 629 631 639 655 658 666 706 713 714 745 762 763 764 780 797 810 820 824 835 844 852 854 856 866 867 878 889 899 902 906 908 913 919 933 939 946 951 954 968 970 982 998 1004 1020 1050 1053 1060 1066 1095 1110 1116 1117 1118 1130 1131 1167 1177 1180 1184 1187 1210 1224 1251 1280 1290 1320 1329 1333 1339 1354 1364 1371 1377 1378 1414 1419 1436 1439 1482 1502 1546 1568 1577 1595 1606 1616 1622 1626 1629 1632 1673 1690 1704 1705 1708 1723 1729 1741 1745 1746 1748 1750 1755 1767 1776 1783 1784 1786 1792 1794 1796 1804 1806 1818 1826 1831 1846 1847 1863 1865 1866 1877 1888 1908
balanced
15 127 448 1366 1756 1832
strings
15 61 63 76 104 197 302 321 325 409 466 530 756 776 808 920 933 1121 1172 1210 1226 1241 1266 1408 1412 1432 1498 1503 1509 1516 1526 1562 1639 1797
maximize
16 290 442 473 533 597 649 966 970 1202 1213 1610 1647
score
16 36 101 137 189 336 365 377 428 434 442 505 519 552 559 659 670 840 1014 1018 1033 1103 1250 1256 1259 1430 1433 1510 1530 1644 1706 1747 1907
after
16 95 107 108 177 199 269 289 305 318 376 388 420 473 531 533 553 559 560 565 576 648 670 688 793 825 874 894 993 1043 1048 1125 1259 1320 1384 1481 1530 1609 1618 1627 1644 1668 1740 1898 1906
n
16 665 701 995 1252 1266 1428 1477 1543 1651 1740
operations
16 68 199 321 352 399 462 531 559 573 605 621 668 753 860 991 1014 1048 1055 1165 1361 1400 1581 1590 1611 1612 1618 1631 1757 1873 1898 1910
submatrices
17 583 687 1453
that
17 29 151 406 430 496 503 716 765 895 989 1011 1085 1163 1190 1210 1434 1470 1489 1659 1830 1863
target
17 74 156 197 306 355 493 830 874 893 1006 1163 1184 1250 1258 1290 1319 1390 1834 1857 1894
deepest
18 389 1370
leaves
18 681 1174 1370
linked
19 47 209 222 288 416 438 480 508 598 619 702 706 724 727 913 954 1427 1480 1524 1624 1821 1859
list
19 35 47 99 209 222 247 285 288 416 438 480 486 508 562 598 619 702 706 724 727 912 913 919 954 1016 1326 1421 1427 1480 1524 1528 1556 1556 1574 1624 1638 1821 1859
tree
19 62 68 95 138 148 183 187 187 205 249 251 303 312 315 323 339 344 418 429 436 443 474 476 547 586 631 647 658 669 689 699 772 782 820 847 854 868 872 946 969 984 1020 1046 1050 1088 1094 1118 1148 1185 1232 1235 1238 1245 1248 1253 1259 1277 1280 1326 1329 1353 1366 1377 1386 1388 1404 1406 1409 1418 1420 1468 1480 1484 1513 1568 1606 1623 1629 1630 1632 1681 1682 1685 1703 1713 1722 1744 1778 1789 1793 1813 1818 1828 1831 1846 1863 1863 1897 1910 1914
queries
20 95 219 259 274 376 631 747 1135 1346 1394 1481 1511 1846
quality
20 1126
and
20 107 178 202 214 249 250 319 327 360 367 407 454 459 543 582 641 652 741 758 766 845 853 856 856 884 888 939 967 978 1004 1015 1024 1051 1076 1080 1113 1117 1121 1151 1170 1171 1201 1208 1228 1252 1280 1283 1287 1321 1338 1369 1373 1406 1410 1467 1478 1485 1565 1598 1671 1692 1697 1712 1733 1749 1752 1753 1754 1773 1789 1840 1847 1861 1889 1894 1904
percentage
20 1187
alphabet
21 1357
board
21 517 1106
path
21 36 122 140 213 240 344 362 393 398 455 458 468 469 629 666 711 777 851 854 866 947 955 988 1010 1126 1168 1177 1359 1372 1673 1727 1778 1831 1853
generate
22 300 765 1578
random
22 47 133 340 562 640 852 1602
point
22 852 1489 1820 1880
circle
22 470 770 902 1151
replace
23 178 395 448 585 745 999 1369
with
23 45 48 74 93 110 111 114 129 133 155 173 184 189 197 198 259 278 279 289 335 342 345 360 361 389 390 393 419 421 424 428 434 455 468 481 494 528 535 546 553 562 564 583 621 633 654 655 665 681 719 730 736 740 753 765 779 792 803 807 828 840 846 858 866 873 877 880 885 891 911 931 932 935 936 947 971 976 988 996 999 1018 1081 1137 1145 1152 1163 1166 1168 1195 1198 1199 1205 1254 1258 1308 1319 1321 1340 1363 1373 1387 1390 1403 1405 1429 1430 1453 1459 1467 1494 1504 1544 1552 1573 1579 1602 1604 1612 1620 1634 1652 1662 1679 1712 1736 1747 1769 1775 1805 1807 1823 1825 1830 1840 1852 1857 1869 1872 1916 1917
greatest
23 386 838 1205 1350 1432 1847
element
23 142 170 193 229 449 454 473 554 565 587 783 807 1028 1073 1117 1167 1207 1515 1665 1794 1810 1817 1877
on
23 68 108 165 259 427 433 479 493 862 865 1011 1067 1106 1259 1460 1529 1614 1893
right
23 319 599 1208 1539 1866
side
23 1308
moving
24 261
stones
24 166 261 365 1323 1604 1697
until
24 261
consecutive
24 87 261 401 425 529 664 779 895 1057 1077 1215 1301 1347 1378 1427 1492 1782 1822 1879 1891
ii
24 26 29 40 124 128 209 231 234 242 247 256 333 347 348 414 453 502 525 566 599 608 623 625 644 651 711 712 737 783 806 808 841 876 905 917 921 946 967 972 977 983 1017 1073 1095 1105 1112 1154 1156 1200 1218 1234 1235 1314 1317 1332 1359 1360 1389 1395 1411 1423 1442 1445 1451 1474 1488 1524 1560 1563 1566 1598 1625 1630 1665 1667 1676 1716 1757 1760 1785 1802 1842 1860 1862 1899
distinct
25 90 220 262 531 1019 1106 1272 1488 1520 1620 1768 1783 1811
echo
25
substrings
25 173 179 650 665 686 691 718 818 825 1062 1103 1199 1210 1219 1244 1292 1293 1303 1322 1354 1710
remove
26 78 222 229 247 286 610 656 748 912 953 1016 1086 1095 1207 1221 1299 1323 1374 1427 1542 1546 1624 1647 1717 1743 1764 1812
duplicates
26 247 656 1016 1095 1546 1728 1888
from
26 64 176 247 249 255 312 317 319 328 341 365 392 459 474 630 656 664 674 795 796 807 823 829 861 868 912 994 1006 1014 1016 1103 1134 1202 1221 1253 1268 1325 1328 1330 1357 1406 1407 1427 1461 1484 1511 1600 1610 1624 1647 1675 1731 1744 1771 1789
sorted
26 124 132 139 142 212 247 293 449 575 625 639 656 712 971 981 984 1016 1117 1167 1209 1326 1368 1419 1576 1754 1918
most
27 108 435 603 637 648 666 781 903 956 995 1199 1403 1515 1604 1759 1831
common
27 60 642 726 918 930 1037 1344 1350 1370 1409 1432 1545 1657 1722 1916
word
27 384 467 467 525 589 604 663 788 941 982 1064 1125 1161 1210 1311 1331 1332 1474 1708 1786 1787 1839 1869
product
28 51 262 339 361 404 575 686 873 886 941 1043 1104 1135 1193 1270 1275 1307 1410 1536 1558 1770 1850
price
28 327 817 1283 1457 1521 1596
at
28 108 122 200 281 299 415 593 637 648 666 730 758 928 936 976 995 1071 1199 1504
given
28 114 126 227 309 415 530 536 681 763 895 962 995 1079 1290 1293 1391 1434 1479 1522 1600 1887 1917
date
28 182 1153
events
29 151 965 1696
can
29 147 151 165 353 392 406 430 503 630 716 982 1030 1045 1116 1134 1144 1220 1226 1273 1461 1470 1659 1737 1771 1782 1858
be
29 151 208 430 503 847 982 1144 1470
attended
29 151
implement
30 497 923 1465 1615
queue
30 194 949 1131 1912
using
30 88 384 923 1615 1839
stacks
30 100
permutations
31 684 1625
fizz
32 1800
buzz
32 1800
multithreaded
32
times
33 422 758 1058
is
33 224 316 458 472 496 629 671 708 725 879 1056 1125 1246 1556 1642 1663 1754 1808 1880
prefix-aligned
33
edges
34 1280
degrees
34
all
34 201 240 248 252 286 322 342 374 389 418 436 550 583 591 605 608 659 718 764 767 767 840 884 908 998 1006 1035 1071 1092 1095 1110 1128 1182 1204 1244 1266 1292 1293 1310 1324 1349 1361 1371 1372 1387 1399 1412 1453 1530 1534 1546 1580 1600 1631 1773 1812 1875 1888
nodes
34 96 106 180 198 227 233 240 351 389 412 436 504 570 579 631 652 782 824 844 954 1018 1171 1223 1251 1427 1573 1606 1624 1713 1872
decompress
35
run-length
35
encoded
35 530
cities
36
partition
37 224 275 496 601 612 654 814 819 1079 1100 1199 1262 1348 1638
for
37 72 126 224 325 448 451 464 487 527 529 540 572 684 847 962 1132 1188 1220 1503 1540 1554 1759 1788
detect
38 697
capital
38 561 1383
delete
39 82 89 325 386 652 681 712 766 913 981 1060 1503 1728 1859 1918
duplicate
39 167 679 748 810 1156 1550 1734 1870
folders
39
system
39 190 239 524 810 834 887 1607
redundant
40 1447
connection
40 1447
length
41 46 93 420 686 740 763 825 1071 1195 1202 1251 1266 1308 1331 1450 1495 1620 1846 1850
longest
41 42 48 57 85 128 186 246 267 271 281 298 301 354 359 540 565 566 606 609 726 730 769 786 854 916 925 955 980 988 1008 1011 1037 1058 1136 1166 1177 1194 1362 1424 1435 1440 1467 1479 1495 1545 1701 1708 1723 1735 1786 1832 1845 1853 1870 1879
alphabetical
41
continuous
41 462 1008 1166 1343 1868
substring
41 42 57 114 207 246 279 342 359 392 448 540 576 730 747 763 811 1137 1384 1507 1555 1701 1812 1832 1845 1870
find
42 93 110 114 117 121 141 156 178 201 227 252 279 281 292 296 323 371 394 439 633 642 658 659 664 749 787 802 810 859 865 874 895 908 936 940 962 964 971 998 1019 1050 1054 1061 1063 1073 1081 1090 1093 1117 1171 1195 1237 1254 1255 1279 1280 1305 1319 1324 1350 1367 1369 1371 1381 1387 1391 1399 1412 1413 1468 1470 1477 1489 1496 1510 1522 1530 1539 1552 1557 1577 1583 1591 1600 1641 1648 1652 1655 1657 1663 1673 1698 1731 1734 1737 1741 1746 1750 1832 1834 1836 1845 1863 1886 1888 1906
containing
42 286 718 1820
vowels
42 432 717 763 1244
counts
42 765 1572
magic
43 1002 1465
squares
43 293 697 932 1133
grid
43 122 248 260 356 398 413 556 573 629 719 866 1180 1306 1367 1455 1462 1511 1543 1669 1748 1792 1806 1843
valid
44 122 130 153 186 188 224 228 281 302 350 422 451 458 537 629 644 684 722 771 785 801 862 884 898 938 1081 1125 1144 1337 1476 1719 1725 1764
mountain
44 1130 1723 1746
numbers
45 58 80 102 157 376 515 532 560 580 585 633 779 858 908 995 998 1076 1085 1106 1193 1198 1227 1275 1355 1378 1385 1419 1475 1500 1502 1563 1570 1582 1663 1773 1776 1833 1856 1867 1891
digits
45 108 125 126 269 535 633 674 698 858 894 1034 1086 1163 1190 1410 1501 1919
repeated
46 540 750 858 1058 1507
subarray
46 101 170 219 301 549 565 592 596 738 786 813 815 942 1166 1213 1343 1382 1405 1467 1504 1536 1576 1608 1617 1730 1852 1868 1903
node
47 137 227 428 599 619 699 764 868 912 913 1060 1080 1407 1418 1568 1859 1863 1866
limited
48
contain
49
virus
49
reverse
50 119 209 225 531 582 668 717 824 889 987 1062 1070 1161 1213 1251 1277 1821 1842
only
50 173
letters
50 56 505 748 1660 1676
sales
51 755 886 945
analysis
51 538 755 871 886 1183
i
51 354 833 871 924 1158 1183 1268 1284 1554 1608 1739 1817 1849 1858
hand
52 1142
straights
52
shuffle
53 181 216 1278
permutation
54 259 432 452 1012 1145 1330 1469 1575 1699
airplane
55
seat
55 1298 1456
assignment
55
probability
55 90 968 1168
shifting
56 1676
palindromic
57 143 522 686 743 818 980 1452 1619 1717 1750 1850
check
58 144 202 224 458 467 472 530 591 613 629 637 671 708 767 879 982 1045 1071 1084 1125 1144 1226 1246 1252 1408 1534 1660 1754 1773 1808 1813 1880
if
58 144 202 224 458 467 472 530 591 629 637 671 708 767 879 982 1045 1071 1084 1125 1144 1226 1246 1252 1534 1542 1673 1696 1754 1758 1773 1808 1880
are
58 1071 1084 1085 1408 1475 1542 1758
ascending
58 1730
sentence
58 130 467 816 1339
reduce
59 510 618 1581 1585
size
59 134 595 815 928 1015 1344 1534 1877 1887
half
59
factors
60 262 553 1775
prefix
61 214 442 467 472 642 802 925 1127 1161 1545 1735 1917
scores
61 1172 1889
average
62 335 482 732 1015 1085 1201 1223 1429 1596 1608 1633
levels
62 1277
swaps
63 108 118 127 356 529 608 1152 1627
equal
63 155 197 202 250 267 268 273 321 332 443 527 535 572 591 605 654 691 742 819 915 1015 1075 1162 1166 1178 1223 1226 1254 1260 1308 1321 1348 1349 1385 1429 1494 1525 1612 1631 1654 1659 1671 1736 1757 1785 1811
statistics
64
large
64 103 1026 1294
sample
64
asterisks
65
k
66 93 108 134 176 189 196 267 276 304 316 319 401 436 473 481 496 528 529 533 559 596 648 688 730 738 753 776 798 817 819 826 877 942 944 1015 1043 1052 1058 1071 1084 1086 1102 1116 1193 1198 1199 1276 1325 1347 1356 1363 1368 1378 1459 1494 1496 1504 1534 1536 1544 1599 1609 1620 1652 1663 1736 1737 1804 1848 1889 1901
strongest
66
values
66 129 474 611 1199 1328 1396 1616 1782
an
66 77 79 80 92 125 149 175 250 271 402 404 417 427 454 530 554 570 597 603 612 621 659 745 799 807 860 908 939 966 1134 1139 1278 1279 1291 1296 1305 1340 1371 1410 1502 1527 1530 1577 1581 1593 1626 1641 1783 1796 1826 1886 1888 1908
quadruplets
67 1009
hidden
69 1501
sequences
69 118 220 869
convert
70 230 263 269 399 555 706 768 848 961 984 1116 1326 1340 1454 1685 1873 1876
integer
70 108 117 199 204 225 287 673 706 798 962 1099 1115 1134 1163 1357 1410 1487 1537 1565 1565 1577 1581 1591 1641 1816 1830
no-zero
70
integers
70 243 528 531 664 704 736 746 877 895 992 1108 1114 1149 1268 1301 1477 1609 1646 1784
decode
71 256 578 600 1392 1398 1575 1749
cut
72 501 1458
off
72
trees
72 191 322 330 620 921 1035 1345 1775 1913
golf
72
event
72 934
triplet
73
construct
74 153 249 378 546 776 823 1406 1484 1744 1789 1897
sums
74 273 942 1320 1391 1576 1652
sort
75 81 99 241 285 324 348 402 500 806 914 1139 1149 1170 1181 1189 1256 1499 1500 1646 1910
colors
75 719 931 947
multiply
76
good
77 101 113 351 433 441 483 671 896 1176 1206 1227 1318 1381 1399 1412 1425 1438 1606 1639
triplets
77 1364 1425 1659 1803
outermost
78
design
79 190 194 282 334 455 480 524 607 635 641 692 752 759 887 1021 1098 1415 1579 1607 1640
atm
79
machine
79
xor
80 149 219 747 802 807 882 1274 1310 1349 1497 1557 1659 1898
people
81 382 433 568 643 1131 1197 1387 1556 1887
characters
82 241 306 359 591 714 718 730 740 765 926 988 1024 1196 1240 1293 1470 1657 1768 1811 1822
fancy
82
distances
83 1629 1660
power
84 226 295 1212 1401 1646
heroes
84
cycle
85 724 1436 1524 1846
graph
85 152 455 507 570 725 764 844 940 1126 1333 1436 1673 1732
distance
86 233 436 649 775 787 900 936 1078 1184 1224 1283 1583 1588 1618 1691 1839
bus
86 577 1053 1815
stops
86 1335 1599
into
87 134 230 329 489 504 601 654 774 1075 1088 1199 1262 1340 1654 1709
subsequences
87 115 143 743 970 1023 1202 1270 1272 1281 1318 1434 1488 1619 1717 1850
robot
88 413 902 959 983 1777
print
88 297 475 590 857 1793
lexicographically
88 153 901 1005 1714
insert
89 694 842 1088 1728
getrandom
89 1728
o(1)
89 1728
boxes
90 610 630 1109
having
90
same
90 198 205 305 335 361 617 779 935 1489 1542 1604 1660 1823
balls
90 797 1361 1705
time
91 111 126 252 286 310 357 367 373 384 394 399 415 418 477 509 543 577 602 731 733 778 847 904 907 967 1092 1155 1180 1182 1204 1243 1365 1373 1428 1448 1501 1605 1633 1704 1840
cost
92 122 166 279 393 398 413 450 474 617 733 812 891 944 1178 1356 1383 1458 1704 1761 1788 1805
largest
93 117 126 153 193 244 360 366 406 520 554 567 593 646 658 790 792 906 929 1004 1040 1137 1147 1163 1328 1341 1344 1384 1452 1509 1557 1616 1627 1656 1724 1770 1801 1818 1830 1869
closest
94 227 631 649 893 964 1090 1397 1496 1649 1761 1776 1834 1848
height
95 620 1164 1912
subtree
95 112 389 781 1223 1232
removal
95 1320 1762
merge
96 120 132 166 212 466 836 1107 1247 1368 1396 1509 1913
zeros
96 167 213 856
create
97 236 312 836 935 1290
hello
97
world
97
function
97 595 880 1567 1640 1834 1835 1896
fibonacci
98 1495 1578 1663 1709
insertion
99 1687
dinner
100
plate
100
lexicographical
102 207 867 1266
positions
103
groups
103 104 134 254 504 721 774 1189 1251 1324 1498 1799
prime
105 262 343 553 839 1286 1532 1587 1776
set
105 733 878 928 995 1636 1695
bits
105 539 741 828 1149
representation
105 452 510
swap
106 540 1145 1226 1519 1564 1618 1755 1838
pairs
106 168 180 197 250 272 284 304 351 456 564 570 800 821 829 987 1001 1003 1075 1084 1102 1222 1241 1337 1338 1363 1438 1471 1652 1671 1884 1908
area
107 145 203 231 333 1044 1119 1141 1147
piece
107
cake
107
horizontal
107
vertical
107 183
cuts
107 470
possible
108 341 412 463 1035 1600 1666
adjacent
108 278 529 829 988 1095 1546 1755 1823
multiples
109
players
110 184 1654
zero
110 360 618 742 857 964 1055 1321 1349 1427 1477 1875 1876
or
110 267 651 653 696 892 1015 1143 1166 1308 1489 1525 1535 1604 1825 1915
one
110 122 510 565 637 666 678 687 926 1145 1207 1225 1226 1248 1701 1852 1896 1916
losses
110
cache
111 277 1791
limit
111 546 602 797 1067 1166
missing
112 199 245 426 439 803
genetic
112 1239 1302
value
112 114 155 202 386 553 658 681 787 918 935 1004 1048 1061 1085 1213 1325 1443 1468 1491 1557 1561 1646 1826 1834 1844
each
112 281 319 386 394 451 464 599 615 658 760 1062 1319 1361 1759 1766 1794 1820 1866
subsets
113 604 819 1229 1667 1720 1772 1780
hash
114
jump
116 498 1264 1317 1327 1538 1795 1860
game
116 408 491 538 551 584 624 645 689 714 865 875 1032 1083 1112 1183 1274 1279 1295 1317 1327 1336 1512 1538 1621 1655 1738 1795 1843
iv
116 538 855 1028 1032 1056 1150 1216 1334 1613 1693
kth
117 141 142 193 245 403 554 575 587 699 701 960 971 1256 1557 1783 1818
similar
120 420 721 1165 1241
items
120 817 1124 1189 1459
pivot
121 1079 1591
index
121 155 292 299 340 1130 1741 1774
least
122 593 730 758 928 976 1071 1342 1504 1609
profit
123 435
scheduling
123 171
search
124 187 214 315 322 323 330 476 547 631 639 641 788 820 820 834 842 921 984 1088 1185 1326 1389 1420 1474 1484 1637 1722 1892
rotated
124 639 1034 1754
separate
125 1570
uncommon
128 354 994
cells
129 379 427 1224 1740 1792 1806
odd
129 498 567 705 727 741 765 857 1170 1277 1502 1662
matrix
129 142 192 316 320 396 405 457 469 532 640 666 670 846 855 971 972 1031 1140 1177 1181 1224 1246 1267 1389 1419 1439 1523 1616 1628 1636 1637 1677 1804 1876 1876
movie
131 1607
rating
131 190
lists
132 176 1368 1774
pick
133 340 1215 1602
weight
133 1007 1314
divide
134 470 504 704 774 1075 1190 1203 1378 1654
rearranging
135
fruits
135 648
long
136 1203
pressed
136
name
136
sequence
137 153 684 1027 1123 1461 1578 1699 1709 1879
depth
138 302 969 1404
n-ary
138 1238 1623 1703
median
139 265 1544
iii
140 192 331 367 754 755 791 886 889 937 1057 1068 1297 1327 1463 1550 1592 1658 1680 1738 1810 1918
bit
141 401 848
nth
141 380 912 1257
object
144 961
instance
144
class
144
projection
145
3d
145 203
shapes
145 203
super
146 471 478 657 1351
egg
146
drop
146
you
147 165 353 363 630 1030 1110 1134 1220 1737 1771 1782
type
147 384 1839
complete
148 218 374 731 1204 1713
inserter
148
operation
149 325 1286 1579
result
150 1647
by
150 158 182 241 294 304 316 336 337 394 410 500 501 505 564 609 611 615 634 666 682 687 742 798 806 838 942 1084 1085 1127 1149 1162 1189 1256 1283 1309 1344 1396 1444 1470 1501 1526 1627 1646 1844 1910 1912
adding
150 793 881 1856
expression
150 163 519 660 1443 1589
modify
152
edge
152 428
weights
152
asteroid
154
collision
154
letter
156 257 609 793 1012 1187 1299 1437 1769 1847 1895
greater
156 187 360 619 1015 1028 1405 1665 1685 1712 1756 1810 1817
than
156 189 267 360 707 1015 1052 1166 1167 1308 1405 1475 1536
k-mirror
157
remapping
158
digit
158 202 202 380 454 520 678 736 795 894 995 1111 1198 1627 1647 1890
intervals
159 526 601 744 774 1107 1374 1784
identical
159
absolute
160 516 592 1166 1363 1394 1443 1853
bst
160 233 587 836 888 1020 1056 1060 1242 1685
allocate
161
mailboxes
161
paths
162 260 316 390 414 443 483 513 579 1006 1407 1430 1632 1680 1875
regular
163
matching
163 184 1124 1281 1796 1871 1900
capacity
164 885
ship
164
packages
164
within
164 490 691 817 1431 1599
d
164
days
164 523 963 1381 1554 1586 1740
eat
165
your
165 165 1309
favorite
165 165 1556
candy
165 423 1635 1838
day?
165
interchangeable
168
rectangles
168 406 852 1820
reformat
169 1153 1466
department
169 464
table
169 210 403 514
online
170 1039 1304
majority
170 783
city
171 290 563 936 1547 1767 1875
smooth
172
descent
172
periods
172
stock
172 367 543 967 1304 1373 1521 1840
1s
173
simplified
174
fractions
174
build
175 621 846 1330 1639 1737
rooms
175 1110 1228 1592
ant
175
colony
175
range
176 274 364 409 427 574 817 927 1076 1135 1242 1268 1307 1502 1576 1739 1776 1802 1862 1864 1885
covering
176 289
change
177 849 926 1036 1442
non-overlapping
179 526 852 965 1219 1316 1319 1390 1551
advantage
181
group
182 326 410 608 790 1548 1887 1887
sold
182
products
182 514 550 675 845 919 1122
order
183 207 429 590 867 951 1185 1224 1290 1388 1623 1630 1729
traversal
183 249 429 647 669 772 1046 1169 1238 1253 1388 1406 1484 1623 1630 1703 1789
trainers
184
sudoku
185 722
solver
185
triangle
188 709 720 1025 1040 1147 1395
subarrays
189 217 329 424 493 528 634 794 826 896 911 996 1160 1162 1254 1316 1390 1494 1544 1551 1594 1620 1736 1825
less
189 267 1166 1308 1536
food
190 210 1422 1451
flip
191 195 527 640 647 666
equivalent
191 1222 1408 1714
spiral
192 855 972 1031
stream
193 664 744 1196
circular
194 452 549 607 626 667 816 1184 1655
monotone
195 698
top
196 276 1276 1700
frequent
196 276 603 781 1515
concatenation
197 342 979 1061
sub-tree
198
label
198
non-negative
199 1301
arrive
200
destination
200 310 563 1704
anagrams
201 1548 1559 1906
has
202 637 956 1489
surface
203
roman
204 1487
sleep
206
last
207 1007 1030 1053 1089 1117 1128 1193 1314 1331 1407
employees
208 232 803 833 1092 1766
invited
208
meeting
208 1592
display
210
orders
210 646 1651
restaurant
210 521
exam
211 440 597
room
211
trailing
213
cornered
213
suffix
214 248 1261
mirror
215
reflection
215
bitwise
217 321 360 882 1076 1310 1321 1467 1825
ors
217
components
218 438 935
roll
220 1047
distribute
221 542 643 1329
money
221 1584 1622
children
221 1726 1901
arranging
223
coins
223 1118 1325 1329
there
224 458 629
tic-tac-toe
228
state
228
1d
230 444
2d
230 927 1340 1389 1396 1637 1669
rectangle
231 333 378 518 906 932 1038 1044 1052 1119 1151 1653
whose
232 316 1556 1663
manager
232 1098
left
232 319 1174 1208 1468
company
232 548
beautiful
234 287 313 794 901 1707 1759 1780 1855 1881
arrangement
234 313 1337
brick
235
wall
235
complex
237
multiplication
237 403 1014
heaters
238
simple
239
bank
239 1381 1482 1622
shortest
240 455 469 663 805 866 930 947 1027 1078 1184 1255 1343 1372 1375 1436 1504
visiting
240 1182
frequency
241 274 485 1260 1299 1526 1572 1643
trapping
242 1269
rain
242 1269
plus
244 1225
sign
244 337
positive
245 426 962 1108 1565 1830 1844
nice
246 301 1594
execution
248
instructions
248
staying
248
preorder
249 647 772 872 1253 1484 1703 1789
inorder
249 669 1406
divisible
250 304 316 564 798 826 838 942 1084 1085 1127 1664 1801
reconstruct
251 674 1677 1779
finish
252 683 778
jobs
252
restore
253 829 837
booking
254
concert
254
tickets
254 1155 1788
take
255 319
gifts
255
richest
255
pile
255
combinations
257 862 1837
phone
257
k-concatenation
258
key
259 603 1091
moves
263 332 473 556 830 1004 1116 1250 1258 1456 1763 1785
making
264 1026
file
264 810 1853
names
264
sliding
265 910 1617 1678
window
265 811 1678
malware
266 1566
spread
266 1566
json
268 961
deep
268
square
271 406 771 898 922 974 1065 1308 1355 1453 1656
streak
271
k-subarray
273
labels
275 1328
lfu
277
flower
278
planting
278
no
278 1052 1634
nesting
280 302
obstacle
281 1762
course
281 958 1334 1411 1463
position
281 388 617 688 842 1117 1188
skiplist
282
decrease
283
zigzag
283 344 429 854 1506
cars
286 907
illegal
286
goods
286
addition
287 1478 1802
multilevel
288
doubly
288
white
289 682
tiles
289 682
carpets
289
powered
290
perimeter
291 997 1040
collect
291 373 418 1118
enough
291
apples
291 418 558
first
292 358 426 1110 1117 1407 1535 1750 1895
occurrence
292 1916
rank
294 569 799
teams
294 1473 1654
votes
294
three
295 329 654 708 718 719 758 838 895 915 926 1004 1085 1275 1315 1341 1492 1781
customer
296 646
referee
296
foobar
297
alternately
297 466
well-performing
298
interval
298 694 1502 1539 1574
decoded
299
pruning
303
stay
305
place
305 1273 1688
some
305
rearrange
306 337 442 514 1339 1448
frogs
307
croaking
307
lines
308 735 1531
write
308
form
309 406 493 634 795 1163 1659
second
310 520 1568
reach
310 688 1146 1250 1258 1704 1762
intersection
311 928 1154 1288
descriptions
312
masking
314
personal
314
information
314 803
recover
315 1253 1814
earnings
317
taxi
317
segment
318 637
removals
318 1259 1609
character
319 358 540 916 1078 1526 1701
objects
320 1597
apply
321 860 1211 1651 1794
mode
323
replacements
324
overlapping
326 1151
ranges
326 933 1416 1903
nearest
328 1489
exit
328
entrance
328
maze
328 1294
my
331 1105 1849
calendar
331 1105 1849
memory
334
allocator
334
changing
336 1134
palindrome
338 392 609 644 702 769 776 805 839 937 938 1005 1090 1194 1195 1202 1219 1533 1560 1603 1613 1687 1763 1770 1884
splitted
339
as
341 341 467 744 892 1210
far
341
land
341 1865
diagonal
343 1423 1490
labelled
344
row
345 386 572 658 856 1096 1248 1535 1604 1671 1773
ones
345 425 529 583 637 856 1057 1301 1453 1753
insertions
346
balance
346 1420
4sum
347 843
wiggle
348 385
found
349 611
sentences
349 994
parenthesis
350
leaf
351 474 515 579 861 1867
k-increasing
352
tasks
353 374 683 1204
assign
353 581
arrange
356
exclusive
357
functions
357
without
359 1077 1143 1301
repeating
359 730 916 1701
combination
360 1068 1132 1216 1445 1672
tuple
361
falling
362 711 1133 1217
full
363 437 463 885 1035
rounds
363 374
have
363 591 765 1110 1696
played
363
query
364 927 960 1239 1759 1864
-
364 927 1056 1360 1728 1864
immutable
364 927
removing
365 459 825 1002 1103 1675 1906
3-same-digit
366
best
367 543 588 965 967 1142 1188 1373 1840
buy
367 543 967 1155 1287 1373 1840
sell
367 543 967 1373 1840
select
368
buildings
368
big
369
countries
369
daily
370
temperatures
370
highest
371 428 817 840 1018 1402 1747 1889
altitude
371
ipo
372
amount
373 835 847 1243
garbage
373
atoms
375
total
379 394 450 564 677 753 775 863 900 1157 1323 1356 1457 1674
colored
379 1542
vowel
381 409 933 1303
spellchecker
381
aware
382
secret
382 1387
coloring
383 689
border
383
typewriter
384
great
387 1841
frog
388 1264 1860
t
388
seconds
388
weighted
390
subgraph
390
required
390 1584
plates
391
candles
391
roads
393 677
spent
394 1586
employee
394 464 465 999 1011 1236 1766
reshape
396
fair
397 1471 1838
distribution
397
cookies
397 581
image
400 952 1101 1296
smoother
400
flips
401 848 1261 1525 1876
gcd
402 1494
toeplitz
405
say
407
new
408
21
408
climbing
411 812
stairs
411 812
root
412 515 579 1726 1867
homecoming
413
students
415 440 519 707 1256 1276 1861
doing
415
homework
415
parts
416 654 915
hourglass
417
deleting
420 565 1786
ends
420
3sum
421 729 1397
multiplicity
421
clock
422 1175
max
425 535 624 625 1052 1057 1134 1141 1209 1270 1430 1491 1529 1547
excel
427
sheet
427
level
429 1386 1388 1623 1630 1910
artifacts
430
extracted
430
soup
431
servings
431
based
433 509 1067
statements
433
assigning
435
work
435 683 1220
flowers
437 1273
bloom
437 463
observations
439
taking
440
costs
443
running
444 1428
erect
445
fence
445
video
446 903
stitching
446
invalid
447 1743
transactions
447 924 1584
single
449 836 1449 1472 1716
unequal
450 1364
puzzle
451 715 910
counter
453 1601
calculator
455 502 864 1271 1693
excellent
456
block
457
solve
460
equation
460 962 1491
perfect
461 518 771
earliest
463
day
463 571 1030 1110 1909
primary
464
bonus
465
occurs
467
any
467 592 675
gold
468
palindromes
471
topmost
473
vertically
475
validate
476 782 869 1138
calculate
477 835 1622 1890
delayed
477
arrival
477
pow
478
units
479 1198
truck
479
exactly
481 688 1737
surrounded
484
regions
484 501
tracker
485 569
rotate
486 952 1072 1835
available
487
captures
487
rook
487
magical
488 1257
fruit
489
baskets
489
edits
490
dictionary
490 1291 1465 1708 1786
baseball
491
confirmation
492
rate
492
increments
493 1043
patients
494
condition
494 1434
generator
495
such
496
trie
497
(prefix
497
tree)
497
empty
499
parity
500 806 1627
slashes
501
basic
502 864 1693
enemy
503
forts
503
captured
503
formed
505 1470
boomerangs
506
clone
507 1863
twin
508
key-value
509
store
509 675
rle
511
iterator
511 1132 1421
burst
512 662
balloons
512 662 1263
out
513 1128 1781
boundary
513
battleships
517
solving
519 1807
math
519
growth
521
strictly
522 870 1207 1712
dates
523
underground
524
ladder
525 589
columns
527 712 981 1367 1444 1918
rows
527 971 1444 1804
original
530 674 802 1731 1814
exists
530 1673 1830
lucky
532 1577
negations
533
capitalize
534
title
534
pair
535 588 1062 1450 1583
prefixes
536 659
play
538 1183
counting
539 1917
champagne
541
tower
541
candies
542 630 643 1205 1805 1901
memoize
544 1017
investments
545
2016
545
repeat
546
trim
547
naming
548
customers
550
who
550 758 956
bought
550
24
551
compatibility
552
replacing
553 1501
base
555 632 1206 1816
-2
555
text
557 692
justification
557
eaten
558
maximal
559 1038 1065
applying
559
smaller
560 1475 1712
self
560 1069 1104 1582
gain/loss
561
copy
562
pointer
562
songs
564
durations
564
60
564
1's
565 608 1071
boats
568
save
568
sequentially
569
ordinal
569
unreachable
570
undirected
570
week
571
domino
572 1222 1752
rotations
572 1258
uni-value
573
replacement
576 673 916
latest
577 1501
catch
577
message
578 1067
insufficient
579
its
582 1252 1830
card
584
flipping
584 670 1296
non-coprime
585
sightseeing
588
occurrences
591 993 1555 1694 1769 1812
twice
593 1895
others
593
primes
594
preimage
595
factorial
595 1426
zeroes
595 1636 1753
radius
596
averages
596 1520 1724
confusion
597
middle
598 1741 1859
populating
599 1866
next
599 619 1028 1469 1665 1756 1810 1817 1866
pointers
599 1866
slanted
600
ciphertext
600
disjoint
601 744
promise
602 636
following
603
1
605 665 1149
arithmetic
606 715 1360 1461 1479 1689 1803
deque
607
together
608 1586
concatenating
609 634
keep
611 1547
multiplying
611
knight
613 831 968
tour
613
configuration
613
bottles
614
subjects
615
taught
615
teacher
615
short
616
encoding
616
move
617 830 862 879 1361 1819
chips
617
stack
621 869 923 1579 1643
watering
622 917
plants
622 917
parallel
623 791
courses
623 791
min
624 812
chunks
625 1209
darts
626
inside
626 770
dartboard
626
destroy
627
sequential
627 1919
targets
627
get
630 691 1134 1309 1347 1372 1433 1844
7
632
another
634 868 1045 1232 1556
browser
635
history
635
pool
636
ransom
638
note
638
data
641 664 744 1580 1745
structure
641 1580
stone
645 875 1007 1032 1112 1314 1738
ix
645
placing
646
harvested
648
person
649 945 1053
wonderful
650
guess
651 696 1064
higher
651 696
lower
651 696 1173 1847
return
652 1777
forest
652 1414
final
655 1048
prices
655 1211
discount
655 1211 1651 1805
shop
655 1540
washing
657
machines
657
parse
660
lisp
660
concatenated
661 740
arrows
662
completing
663
representing
665
disconnect
666
loop
667
it
671 1808
teemo
672
attacking
672
english
674 1847
minimized
675
distributed
675
eliminate
676
monsters
676
importance
677 1236
contains
679 1156 1534 1550 1773
sub
680
islands
680 1082
covered
682 1374 1444
carpet
682
sessions
683
predict
685
winner
685 865 1279 1295
increment
687 1464 1579
interleaving
690
budget
691 1431
editor
692
constrained
693
ambiguous
695
coordinates
695
ancestor
699 1080 1370 1409 1722
car
700 841 1074 1230
pooling
700
factor
701 1344
koko
703
eating
703
bananas
703
classes
707
more
707 1167
5
707 976 1127
powers
708 1135
judgement
709
hours
710
training
710
win
710 1610 1858
competition
710 1626 1799
x
713 1489
kind
713
deck
713
cards
713 951 1215 1771
weak
714
verbal
715
queens
716
attack
716
king
716
painting
719 1911
pascal's
720 1395
destroying
723
asteroids
723
bipartite?
725
subpath
726
selling
728 1596
pieces
728 1542 1819
wood
728
trips
731 1457
pass
732 909
ratio
732
cooking
733
scramble
734
uncrossed
735
strong
737 1042
password
737 1042
checker
737 1042 1164
equals
738 1390 1726
contiguous
739
subtracting
742
amounts
742
length-3
743
powerful
746
squareful
751
bitset
752
space
753
wasted
753
resizing
753
ugly
754 1351
goat
757
latin
757
actors
758
directors
758
cooperated
758
hashset
759
wear
760
hats
760
other
760
detonate
761
bombs
761
beauty
762 1157 1292 1617
ancestors
764
directed
764
acyclic
764
earn
766 986
a's
767
appears
767
before
767 1128 1584
b's
767
temperature
768
lattice
770
points
770 891 897 986 1171 1182 1511 1529 1626 1771 1848
relative
773 914
ranks
773
traveled
775
crossing
777 1069
race
778 1230
differences
779 1208 1597
put
780
marbles
780
bags
780 885
wrapper
784
turbulent
786
salary
789 1201 1201 1564
categories
789
submatrix
792
rearrangements
792
obtained
793
filter
796 1283
bag
797 1289
transform
799 1571 1794
doubled
800 1731
snapshot
804
anagram
808 1476 1516
2
809 1212
keys
809 1228 1372
keyboard
809 1096
minimums
813
ranked
817
bad
821
complement
822 1816
k-group
824
email
827
addresses
827 837
alternating
828 947 1111 1179 1358 1590
box
830 1214 1361 1705
their
830 1256
location
830
dialer
831
compression
832 1234
project
833
suggestions
834
paid
835
taxes
835
bsts
836
ip
837 1138 1593
divisions
840
fleet
841 1074
reachable
844 1872 1880
subdivided
844
recyclable
845
low
845
fat
845
conditions
846 926 1340
infected
847
lemonade
849
task
850 905 1011
scheduler
850 905
mice
853
cheese
853
column
856 1535 1604 1671 1773
starting
861
chessboard
862 968 1571
strength
863
wizards
863
tic
865
tac
865
toe
865
obstacles
866
elimination
866 1083
k-th
867 1066 1266 1583 1587
step-by-step
868
directions
868
market
871
verify
872
serialization
872
indices
874 1170 1237 1371 1399
sorting
874 1851
n-queens
876 957
append
877 1240
minimal
877
infinite
878
legal
879
call
880 1896
custom
880 1499
context
880
spaces
881
neighboring
882
rungs
883
pickup
884 1541 1899
delivery
884 1451
options
884
rocks
885
container
887 1403
serialize
888
deserialize
888
skyline
890 1547
problem
890 1692
logical
892
grids
892
represented
892
quad-trees
892
mutated
893
four
894 1401 1751
splitting
894 1644
reaching
897
critical
899 1171 1280
connections
899
network
899 904 991 1605
hamming
900 1588 1618
bounded
902 911
popular
903
creator
903
delay
904
histogram
906
repair
907
disappeared
908
pillow
909
end
912
ordered
919
period
919
k-similar
920
matchsticks
922
queues
923
monthly
924
happy
925 1266 1424 1518
satisfy
926 1434
supersequence
930
furthest
931
houses
931 1688
tiling
932 1752
fewest
932
emitter
934
neighbors
936 1429 1542
threshold
936 1015 1308 1405 1522
partitioning
937 1533 1560 1613
hills
939
valleys
939
center
940
star
940 1732
lengths
941
pow(x,
943
n)
943
hire
944 1356
workers
944 1356
cousins
946 1377
optimal
948 1100
division
948 1049
orderly
949
n-th
950
tribonacci
950
reveal
951
comments
953
swapping
954
univalue
955
friend
956 1376
requests
956 1376
ii:
956
friends
956 1282 1309
walking
959 983
simulation
959 983 1047
trimmed
960
solution
962
m
963
bouquets
963
greatness
966
grumpy
973
bookstore
973
owner
973
triples
974 1321
132
975
pattern
975 1369 1507
managers
976
direct
976
reports
976
student
977 1284
attendance
977 1284
record
977 1284
snakes
978
ladders
978
placed
982
crossword
982
exchange
985
seats
985
servers
989
communicate
989
decreasing
990
connected
991 1333
bigram
993
fixed
996 1195
bounds
996
island
997 1026 1141
lonely
998
id
999
identifier
999
performance
1000
team
1000 1809
map
1001 1402
beans
1002
satisfying
1003
inequality
1003
source
1006
worked
1011
case
1012 1173 1847
push
1013
dominoes
1013
performing
1014 1048
sub-arrays
1015 1319 1662
twitter
1021
senior
1022
citizens
1022
1-bit
1024
2-bit
1024
impossible
1027 1915
rolls
1027 1857
reorganize
1029
where
1030 1110 1159 1737
still
1030
cross
1030 1365
triangulation
1033
polygon
1033 1614
coin
1036 1442
election
1039
break
1045 1099 1332 1603 1787
postorder
1046 1238 1406 1789
dice
1047 1857
variable
1048
evaluate
1049 1070 1353
contaminated
1050
loud
1051
rich
1051
larger
1052
fit
1053
xor-beauty
1054
obtain
1055 1771 1819
input
1056
rotting
1059
oranges
1059
followers
1063
symbol
1066
grammar
1066
polish
1070
notation
1070
places
1071
away
1071
peak
1073 1130 1402
floors
1077 1077
according
1079 1214
users
1081
e-mails
1081
closed
1082
subdomain
1087
visit
1087 1180
prototype
1089
license
1091
formatting
1091
needed
1092 1155 1448
inform
1092
divisibility
1093 1510
symmetric
1094
provinces
1097
authentication
1098
overlap
1101 1653
inverse
1102
except
1104
building
1109 1686
been
1110
cat
1113 1598
mouse
1113 1598
array-form
1115
tag
1120
validator
1120
encrypt
1121
decrypt
1121 1357
coprime
1122
stamping
1123 1462
rule
1124
substitutions
1125
moment
1128
ants
1128
fall
1128 1159
plank
1128
squared
1129
visible
1131
variance
1137
address
1138 1593
poker
1142
aaa
1143
bbb
1143
previous
1145
width
1148 1367 1505
house
1150 1200 1297 1658
robber
1150 1200 1297
gardens
1157
article
1158
views
1158
will
1159
ball
1159
zero-filled
1160
reversing
1162
up
1163 1215 1477
diff
1166
appearing
1167
25%
1167
snail
1169
independently
1170
built
1172
angle
1175
hands
1175 1231
meals
1176
changes
1179
cell
1180
diagonally
1181
mini
1186
parser
1186 1790
service
1188
centre
1188
respecting
1189
dependencies
1189
distant
1191
barcodes
1191
poor
1192
pigs
1192
chunked
1194
decomposition
1194
teach
1197
excluding
1201
corridor
1203
kids
1205
appear
1210 1895
reordered
1212
categorize
1214
criteria
1214
bricks
1217
when
1217 1605
hit
1217
brace
1218
expansion
1218
weeks
1220
which
1220 1766
sub-folders
1221
filesystem
1221
couples
1231
holding
1231
gap
1233
marked
1237
fill
1243 1249
cups
1243
invert
1245
x-matrix
1246
accounts
1247
flood
1249 1767
double
1252 1668
exist
1252
superstring
1255
corporate
1265
flight
1265
bookings
1265
01
1267
choose
1268
dot
1270
broken
1271
chalkboard
1274
reward
1276
pseudo-critical
1280
spanning
1280
appropriate
1282
ages
1282
restaurants
1283
vegan-friendly,
1283
pacific
1285
atlantic
1285
flow
1285
subtraction
1286 1478
pens
1287
pencils
1287
tokens
1289
verifying
1291
alien
1291
escape
1294 1486 1508
determine
1295 1696 1758
bowling
1295
cinema
1298
allocation
1298
equalize
1299
satisfiability
1300
equality
1300
equations
1300
mutation
1302
span
1304
k-sum
1305
illumination
1306
abbreviating
1307
watched
1309
videos
1309
pairings
1310
stickers
1311
spell
1311
texts
1312
monotonic
1313
divisors
1315 1649 1751
3
1316 1543
farmland
1324
piles
1325
degree
1333 1527
trio
1333
refueling
1335
divisor
1336 1350 1432 1522
successful
1338
spells
1338
potions
1338
operators
1342
express
1342
unsorted
1343
component
1344
leaf-similar
1345
subrectangle
1346
recolors
1347
black
1347
blocks
1347
subset
1348 1391 1556 1801
segments
1349 1595 1610
minesweeper
1352
boolean
1353 1589
wraparound
1354
mapping
1357
slices
1360 1679 1689
chain
1362 1450
bridge
1365 1375
lowest
1370 1409 1722 1889
k-distant
1371
cooldown
1373
process
1376
restricted
1376 1407
sets
1378
gray
1379
shopping
1380
offers
1380
rob
1381
fuel
1383
report
1383 1766
mutating
1384
rational
1385
xored
1392 1575
recent
1393
calls
1393
summing
1396
varying
1405
whether
1408
almost
1408
subtract
1410
k-beauty
1413
rabbits
1414
hashmap
1415
summary
1416
repetitions
1417
negative
1419 1565 1830
buckets
1422
feed
1422
hamsters
1422
traverse
1423 1490
clumsy
1426
computers
1428
not
1429 1446 1556
robots
1431
tile
1437
possibilities
1437
harmonious
1440
patching
1441
boring
1446
movies
1446
biggest
1449
immediate
1451
hexadecimal
1454
cyclically
1455
rotating
1455
everyone
1456
stick
1458
deletions
1460 1664 1855
progression
1461
bottom
1468
how
1475
many
1475
current
1475
fraction
1478 1587
handling
1481
update
1481
laser
1482
beams
1482
freedom
1483
trail
1483
ghosts
1486
y
1489
coordinate
1489 1557
odds
1492
cutting
1493
pizza
1493 1679
special-equivalent
1498
jumbled
1500
ascii
1503
ramp
1505
conversion
1506
spreading
1508
fire
1508
cameras
1513
dining
1514
philosophers
1514
debounce
1517
fluctuation
1521
transpose
1523
b
1525
c
1525
compare
1526 1827
reorder
1528 1745 1875
line
1529 1531 1808
marking
1530
represent
1531
chart
1531
arrangements
1532
codes
1534
completely
1535
painted
1535
(atoi)
1537
penalty
1540
cherry
1541 1899
both
1542
color
1542 1823
paint
1543 1658

1543
increase
1547
enclaves
1549
lcp
1552
dota2
1553
senate
1553
user
1554
activity
1554
past
1554
30
1554
companies
1556
non-zero
1558
rearranged
1561
isomorphic
1562
composition
1567
69
1569
tweet
1572
per
1572
even-valued
1573
grandparent
1573
intersections
1574
o`one
1580
0
1581
dividing
1582
transformation
1585
parsing
1589
defanging
1593
cheapest
1599
flights
1599
recipes
1600
supplies
1600
blacklist
1602
removed
1604
becomes
1605
idle
1605
rental
1607
halve
1611
collisions
1614 1893
monkeys
1614
rand10()
1615
rand7()
1615
local
1616 1733
zuma
1621
leetcode
1622
archery
1626
pyramid
1628
transition
1628
pseudo-palindromic
1632
waiting
1633
burgers
1634
waste
1634
ingredients
1634
tastiness
1635
basket
1635
cancellable
1640
punishment
1641
gas
1645
station
1645
eventual
1648
safe
1648 1742
states
1648
unoccupied
1650
chair
1650
every
1651 1773
skill
1654
losers
1655
1-bordered
1656
chunk
1661
bipartition
1666
reversal
1668
shift
1669
expressive
1670
appeal
1674
stars
1675
2-row
1677
3n
1679
coprimes
1681
diameter
1682
curry
1683
tallest
1684
billboard
1684
h2o
1686
swim
1690
rising
1690
edit
1691
jug
1692
mismatch
1695
conflict
1696
jewels
1697
travellers
1700
watch
1702
homogenous
1710
third
1711
strange
1715
printer
1715
music
1718
playlists
1718
additions
1719
square-free
1720
filling
1721
bookcase
1721
shelves
1721
boomerang
1725
simplify
1727
allowed
1728
non-increasing
1729
global
1733
inversions
1733
subtrees
1734
uploaded
1735
lcm
1736
comparisons
1737
prison
1740
cracking
1742
log
1745
files
1745
rotation
1747
fish
1748
encode
1749
tinyurl
1749
tromino
1752
lr
1755
numerically
1756
halves
1758
alike
1758
item
1759
bulb
1760 1798
switcher
1760 1798
dessert
1761
corner
1762
profitable
1765 1831
schemes
1765
avoid
1767
k-length
1769
bitwise-or
1772
origin
1777 1848
itinerary
1779
through
1786
html
1790
entity
1790
lru
1791
unguarded
1792
over
1794
v
1795
buddy
1797
entering
1799
weakest
1804
buying
1805
visited
1806
questions
1807
brainpower
1807
straight
1808
sufficient
1809
completeness
1813
routes
1815 1875
10
1816
backspace
1827
tilt
1828
russian
1829
doll
1829
envelopes
1829
finding
1833
3-digit
1833
mysterious
1834
town
1836
judge
1836
fingers
1839
transaction
1840
fee
1840
partitions
1841 1881
step
1844 1844
awesome
1845
upper
1847
pancake
1851
deletion
1852
sqrt(x)
1854
negabinary
1856
examinations
1861
corresponding
1863
mutable
1864
fertile
1865
pyramids
1865
sender
1869
camelcase
1871
restrictions
1872
human
1874
traffic
1874
stadium
1874
lead
1875
n-repeated
1877
2n
1877
additive
1878
throttle
1882
module
1885
triangular
1886
they
1887
belong
1887
road
1893
chosen
1894
allow
1896
quad
1897
wildcard
1900
allocated
1901
lock
1902
rings
1904
rods
1904
reducing
1905
dishes
1905
resultant
1906
spliced
1907
k-diff
1908
year
1909
describe
1911
reconstruction
1912
univalued
1914
